0.9967822667143368,0.0003575259206292456,0.0003575259206292456,0.0003575259206292456,0.0003575259206292456,0.0003575259206292456,0.0003575259206292456,0.0003575259206292456,0.0003575259206292456,0.0003575259206292456
0.9842688594923132,0.01287093314265284,0.0003575259206292456,0.0003575259206292456,0.0003575259206292456,0.0003575259206292456,0.0003575259206292456,0.0003575259206292456,0.0003575259206292456,0.0003575259206292456
0.9967822667143368,0.0003575259206292456,0.0003575259206292456,0.0003575259206292456,0.0003575259206292456,0.0003575259206292456,0.0003575259206292456,0.0003575259206292456,0.0003575259206292456,0.0003575259206292456
0.9967822667143368,0.0003575259206292456,0.0003575259206292456,0.0003575259206292456,0.0003575259206292456,0.0003575259206292456,0.0003575259206292456,0.0003575259206292456,0.0003575259206292456,0.0003575259206292456
0.9964247407937076,0.0007150518412584912,0.0003575259206292456,0.0003575259206292456,0.0003575259206292456,0.0003575259206292456,0.0003575259206292456,0.0003575259206292456,0.0003575259206292456,0.0003575259206292456
0.9967822667143368,0.0003575259206292456,0.0003575259206292456,0.0003575259206292456,0.0003575259206292456,0.0003575259206292456,0.0003575259206292456,0.0003575259206292456,0.0003575259206292456,0.0003575259206292456
0.9967822667143368,0.0003575259206292456,0.0003575259206292456,0.0003575259206292456,0.0003575259206292456,0.0003575259206292456,0.0003575259206292456,0.0003575259206292456,0.0003575259206292456,0.0003575259206292456
0.9967822667143368,0.0003575259206292456,0.0003575259206292456,0.0003575259206292456,0.0003575259206292456,0.0003575259206292456,0.0003575259206292456,0.0003575259206292456,0.0003575259206292456,0.0003575259206292456
0.9967822667143368,0.0003575259206292456,0.0003575259206292456,0.0003575259206292456,0.0003575259206292456,0.0003575259206292456,0.0003575259206292456,0.0003575259206292456,0.0003575259206292456,0.0003575259206292456
0.9960672148730783,0.001072577761887737,0.0003575259206292456,0.0003575259206292456,0.0003575259206292456,0.0003575259206292456,0.0003575259206292456,0.0003575259206292456,0.0003575259206292456,0.0003575259206292456
0.9967822667143368,0.0003575259206292456,0.0003575259206292456,0.0003575259206292456,0.0003575259206292456,0.0003575259206292456,0.0003575259206292456,0.0003575259206292456,0.0003575259206292456,0.0003575259206292456
0.9967822667143368,0.0003575259206292456,0.0003575259206292456,0.0003575259206292456,0.0003575259206292456,0.0003575259206292456,0.0003575259206292456,0.0003575259206292456,0.0003575259206292456,0.0003575259206292456
0.9967822667143368,0.0003575259206292456,0.0003575259206292456,0.0003575259206292456,0.0003575259206292456,0.0003575259206292456,0.0003575259206292456,0.0003575259206292456,0.0003575259206292456,0.0003575259206292456
0.9964247407937076,0.0007150518412584912,0.0003575259206292456,0.0003575259206292456,0.0003575259206292456,0.0003575259206292456,0.0003575259206292456,0.0003575259206292456,0.0003575259206292456,0.0003575259206292456
0.9967822667143368,0.0003575259206292456,0.0003575259206292456,0.0003575259206292456,0.0003575259206292456,0.0003575259206292456,0.0003575259206292456,0.0003575259206292456,0.0003575259206292456,0.0003575259206292456
0.9960672148730783,0.0003575259206292456,0.001072577761887737,0.0003575259206292456,0.0003575259206292456,0.0003575259206292456,0.0003575259206292456,0.0003575259206292456,0.0003575259206292456,0.0003575259206292456
0.9967822667143368,0.0003575259206292456,0.0003575259206292456,0.0003575259206292456,0.0003575259206292456,0.0003575259206292456,0.0003575259206292456,0.0003575259206292456,0.0003575259206292456,0.0003575259206292456
0.9967822667143368,0.0003575259206292456,0.0003575259206292456,0.0003575259206292456,0.0003575259206292456,0.0003575259206292456,0.0003575259206292456,0.0003575259206292456,0.0003575259206292456,0.0003575259206292456
0.9942795852699321,0.002860207365033965,0.0003575259206292456,0.0003575259206292456,0.0003575259206292456,0.0003575259206292456,0.0003575259206292456,0.0003575259206292456,0.0003575259206292456,0.0003575259206292456
0.9967822667143368,0.0003575259206292456,0.0003575259206292456,0.0003575259206292456,0.0003575259206292456,0.0003575259206292456,0.0003575259206292456,0.0003575259206292456,0.0003575259206292456,0.0003575259206292456
0.9964247407937076,0.0007150518412584912,0.0003575259206292456,0.0003575259206292456,0.0003575259206292456,0.0003575259206292456,0.0003575259206292456,0.0003575259206292456,0.0003575259206292456,0.0003575259206292456
0.9960672148730783,0.001072577761887737,0.0003575259206292456,0.0003575259206292456,0.0003575259206292456,0.0003575259206292456,0.0003575259206292456,0.0003575259206292456,0.0003575259206292456,0.0003575259206292456
0.9967822667143368,0.0003575259206292456,0.0003575259206292456,0.0003575259206292456,0.0003575259206292456,0.0003575259206292456,0.0003575259206292456,0.0003575259206292456,0.0003575259206292456,0.0003575259206292456
0.9967822667143368,0.0003575259206292456,0.0003575259206292456,0.0003575259206292456,0.0003575259206292456,0.0003575259206292456,0.0003575259206292456,0.0003575259206292456,0.0003575259206292456,0.0003575259206292456
0.9867715409367179,0.009295673936360386,0.001430103682516982,0.0003575259206292456,0.0003575259206292456,0.0003575259206292456,0.0003575259206292456,0.0003575259206292456,0.0003575259206292456,0.0003575259206292456
0.995709688952449,0.001430103682516982,0.0003575259206292456,0.0003575259206292456,0.0003575259206292456,0.0003575259206292456,0.0003575259206292456,0.0003575259206292456,0.0003575259206292456,0.0003575259206292456
0.9524490525563103,0.00893814801573114,0.03468001430103682,0.001787629603146228,0.0003575259206292456,0.0003575259206292456,0.0003575259206292456,0.0003575259206292456,0.0003575259206292456,0.0003575259206292456
0.9967822667143368,0.0003575259206292456,0.0003575259206292456,0.0003575259206292456,0.0003575259206292456,0.0003575259206292456,0.0003575259206292456,0.0003575259206292456,0.0003575259206292456,0.0003575259206292456
0.9953521630318198,0.001787629603146228,0.0003575259206292456,0.0003575259206292456,0.0003575259206292456,0.0003575259206292456,0.0003575259206292456,0.0003575259206292456,0.0003575259206292456,0.0003575259206292456
0.9967822667143368,0.0003575259206292456,0.0003575259206292456,0.0003575259206292456,0.0003575259206292456,0.0003575259206292456,0.0003575259206292456,0.0003575259206292456,0.0003575259206292456,0.0003575259206292456
0.9964247407937076,0.0007150518412584912,0.0003575259206292456,0.0003575259206292456,0.0003575259206292456,0.0003575259206292456,0.0003575259206292456,0.0003575259206292456,0.0003575259206292456,0.0003575259206292456
0.9967822667143368,0.0003575259206292456,0.0003575259206292456,0.0003575259206292456,0.0003575259206292456,0.0003575259206292456,0.0003575259206292456,0.0003575259206292456,0.0003575259206292456,0.0003575259206292456
0.9964247407937076,0.0007150518412584912,0.0003575259206292456,0.0003575259206292456,0.0003575259206292456,0.0003575259206292456,0.0003575259206292456,0.0003575259206292456,0.0003575259206292456,0.0003575259206292456
0.9967822667143368,0.0003575259206292456,0.0003575259206292456,0.0003575259206292456,0.0003575259206292456,0.0003575259206292456,0.0003575259206292456,0.0003575259206292456,0.0003575259206292456,0.0003575259206292456
0.9964247407937076,0.0003575259206292456,0.0007150518412584912,0.0003575259206292456,0.0003575259206292456,0.0003575259206292456,0.0003575259206292456,0.0003575259206292456,0.0003575259206292456,0.0003575259206292456
0.9967822667143368,0.0003575259206292456,0.0003575259206292456,0.0003575259206292456,0.0003575259206292456,0.0003575259206292456,0.0003575259206292456,0.0003575259206292456,0.0003575259206292456,0.0003575259206292456
0.9967822667143368,0.0003575259206292456,0.0003575259206292456,0.0003575259206292456,0.0003575259206292456,0.0003575259206292456,0.0003575259206292456,0.0003575259206292456,0.0003575259206292456,0.0003575259206292456
0.9967822667143368,0.0003575259206292456,0.0003575259206292456,0.0003575259206292456,0.0003575259206292456,0.0003575259206292456,0.0003575259206292456,0.0003575259206292456,0.0003575259206292456,0.0003575259206292456
0.9964247407937076,0.0007150518412584912,0.0003575259206292456,0.0003575259206292456,0.0003575259206292456,0.0003575259206292456,0.0003575259206292456,0.0003575259206292456,0.0003575259206292456,0.0003575259206292456
0.9967822667143368,0.0003575259206292456,0.0003575259206292456,0.0003575259206292456,0.0003575259206292456,0.0003575259206292456,0.0003575259206292456,0.0003575259206292456,0.0003575259206292456,0.0003575259206292456
0.9967822667143368,0.0003575259206292456,0.0003575259206292456,0.0003575259206292456,0.0003575259206292456,0.0003575259206292456,0.0003575259206292456,0.0003575259206292456,0.0003575259206292456,0.0003575259206292456
0.9946371111905613,0.002502681444404719,0.0003575259206292456,0.0003575259206292456,0.0003575259206292456,0.0003575259206292456,0.0003575259206292456,0.0003575259206292456,0.0003575259206292456,0.0003575259206292456
0.9967822667143368,0.0003575259206292456,0.0003575259206292456,0.0003575259206292456,0.0003575259206292456,0.0003575259206292456,0.0003575259206292456,0.0003575259206292456,0.0003575259206292456,0.0003575259206292456
0.9953521630318198,0.001430103682516982,0.0007150518412584912,0.0003575259206292456,0.0003575259206292456,0.0003575259206292456,0.0003575259206292456,0.0003575259206292456,0.0003575259206292456,0.0003575259206292456
0.9942795852699321,0.002145155523775474,0.001072577761887737,0.0003575259206292456,0.0003575259206292456,0.0003575259206292456,0.0003575259206292456,0.0003575259206292456,0.0003575259206292456,0.0003575259206292456
0.9946371111905613,0.002145155523775474,0.0007150518412584912,0.0003575259206292456,0.0003575259206292456,0.0003575259206292456,0.0003575259206292456,0.0003575259206292456,0.0003575259206292456,0.0003575259206292456
0.9967822667143368,0.0003575259206292456,0.0003575259206292456,0.0003575259206292456,0.0003575259206292456,0.0003575259206292456,0.0003575259206292456,0.0003575259206292456,0.0003575259206292456,0.0003575259206292456
0.9964247407937076,0.0007150518412584912,0.0003575259206292456,0.0003575259206292456,0.0003575259206292456,0.0003575259206292456,0.0003575259206292456,0.0003575259206292456,0.0003575259206292456,0.0003575259206292456
0.9967822667143368,0.0003575259206292456,0.0003575259206292456,0.0003575259206292456,0.0003575259206292456,0.0003575259206292456,0.0003575259206292456,0.0003575259206292456,0.0003575259206292456,0.0003575259206292456
0.9967822667143368,0.0003575259206292456,0.0003575259206292456,0.0003575259206292456,0.0003575259206292456,0.0003575259206292456,0.0003575259206292456,0.0003575259206292456,0.0003575259206292456,0.0003575259206292456
0.9967822667143368,0.0003575259206292456,0.0003575259206292456,0.0003575259206292456,0.0003575259206292456,0.0003575259206292456,0.0003575259206292456,0.0003575259206292456,0.0003575259206292456,0.0003575259206292456
0.9960672148730783,0.0007150518412584912,0.0003575259206292456,0.0007150518412584912,0.0003575259206292456,0.0003575259206292456,0.0003575259206292456,0.0003575259206292456,0.0003575259206292456,0.0003575259206292456
0.9967822667143368,0.0003575259206292456,0.0003575259206292456,0.0003575259206292456,0.0003575259206292456,0.0003575259206292456,0.0003575259206292456,0.0003575259206292456,0.0003575259206292456,0.0003575259206292456
0.9967822667143368,0.0003575259206292456,0.0003575259206292456,0.0003575259206292456,0.0003575259206292456,0.0003575259206292456,0.0003575259206292456,0.0003575259206292456,0.0003575259206292456,0.0003575259206292456
0.8223096174472649,0.1512334644261709,0.02359671076153021,0.0003575259206292456,0.0003575259206292456,0.0003575259206292456,0.0003575259206292456,0.0003575259206292456,0.0003575259206292456,0.0003575259206292456
0.2055774043618162,0.1154808723632463,0.5656060064354665,0.0003575259206292456,0.0003575259206292456,0.0003575259206292456,0.0003575259206292456,0.0003575259206292456,0.0003575259206292456,0.0003575259206292456
0.01751877011083304,0.05863425098319628,0.8870218090811584,0.0003575259206292456,0.0003575259206292456,0.0003575259206292456,0.0003575259206292456,0.0003575259206292456,0.0003575259206292456,0.0003575259206292456
0.986627043090639,0.001485884101040119,0.001485884101040119,0.001485884101040119,0.001485884101040119,0.001485884101040119,0.001485884101040119,0.001485884101040119,0.001485884101040119,0.001485884101040119
0.986627043090639,0.001485884101040119,0.001485884101040119,0.001485884101040119,0.001485884101040119,0.001485884101040119,0.001485884101040119,0.001485884101040119,0.001485884101040119,0.001485884101040119
0.986627043090639,0.001485884101040119,0.001485884101040119,0.001485884101040119,0.001485884101040119,0.001485884101040119,0.001485884101040119,0.001485884101040119,0.001485884101040119,0.001485884101040119
0.9836552748885586,0.002971768202080238,0.001485884101040119,0.001485884101040119,0.002971768202080238,0.001485884101040119,0.001485884101040119,0.001485884101040119,0.001485884101040119,0.001485884101040119
0.986627043090639,0.001485884101040119,0.001485884101040119,0.001485884101040119,0.001485884101040119,0.001485884101040119,0.001485884101040119,0.001485884101040119,0.001485884101040119,0.001485884101040119
0.986627043090639,0.001485884101040119,0.001485884101040119,0.001485884101040119,0.001485884101040119,0.001485884101040119,0.001485884101040119,0.001485884101040119,0.001485884101040119,0.001485884101040119
0.986627043090639,0.001485884101040119,0.001485884101040119,0.001485884101040119,0.001485884101040119,0.001485884101040119,0.001485884101040119,0.001485884101040119,0.001485884101040119,0.001485884101040119
0.9851411589895989,0.002971768202080238,0.001485884101040119,0.001485884101040119,0.001485884101040119,0.001485884101040119,0.001485884101040119,0.001485884101040119,0.001485884101040119,0.001485884101040119
0.986627043090639,0.001485884101040119,0.001485884101040119,0.001485884101040119,0.001485884101040119,0.001485884101040119,0.001485884101040119,0.001485884101040119,0.001485884101040119,0.001485884101040119
0.986627043090639,0.001485884101040119,0.001485884101040119,0.001485884101040119,0.001485884101040119,0.001485884101040119,0.001485884101040119,0.001485884101040119,0.001485884101040119,0.001485884101040119
0.986627043090639,0.001485884101040119,0.001485884101040119,0.001485884101040119,0.001485884101040119,0.001485884101040119,0.001485884101040119,0.001485884101040119,0.001485884101040119,0.001485884101040119
0.986627043090639,0.001485884101040119,0.001485884101040119,0.001485884101040119,0.001485884101040119,0.001485884101040119,0.001485884101040119,0.001485884101040119,0.001485884101040119,0.001485884101040119
0.986627043090639,0.001485884101040119,0.001485884101040119,0.001485884101040119,0.001485884101040119,0.001485884101040119,0.001485884101040119,0.001485884101040119,0.001485884101040119,0.001485884101040119
0.986627043090639,0.001485884101040119,0.001485884101040119,0.001485884101040119,0.001485884101040119,0.001485884101040119,0.001485884101040119,0.001485884101040119,0.001485884101040119,0.001485884101040119
0.986627043090639,0.001485884101040119,0.001485884101040119,0.001485884101040119,0.001485884101040119,0.001485884101040119,0.001485884101040119,0.001485884101040119,0.001485884101040119,0.001485884101040119
0.9836552748885586,0.004457652303120356,0.001485884101040119,0.001485884101040119,0.001485884101040119,0.001485884101040119,0.001485884101040119,0.001485884101040119,0.001485884101040119,0.001485884101040119
0.986627043090639,0.001485884101040119,0.001485884101040119,0.001485884101040119,0.001485884101040119,0.001485884101040119,0.001485884101040119,0.001485884101040119,0.001485884101040119,0.001485884101040119
0.986627043090639,0.001485884101040119,0.001485884101040119,0.001485884101040119,0.001485884101040119,0.001485884101040119,0.001485884101040119,0.001485884101040119,0.001485884101040119,0.001485884101040119
0.986627043090639,0.001485884101040119,0.001485884101040119,0.001485884101040119,0.001485884101040119,0.001485884101040119,0.001485884101040119,0.001485884101040119,0.001485884101040119,0.001485884101040119
0.986627043090639,0.001485884101040119,0.001485884101040119,0.001485884101040119,0.001485884101040119,0.001485884101040119,0.001485884101040119,0.001485884101040119,0.001485884101040119,0.001485884101040119
0.9851411589895989,0.002971768202080238,0.001485884101040119,0.001485884101040119,0.001485884101040119,0.001485884101040119,0.001485884101040119,0.001485884101040119,0.001485884101040119,0.001485884101040119
0.9791976225854383,0.008915304606240713,0.001485884101040119,0.001485884101040119,0.001485884101040119,0.001485884101040119,0.001485884101040119,0.001485884101040119,0.001485884101040119,0.001485884101040119
0.986627043090639,0.001485884101040119,0.001485884101040119,0.001485884101040119,0.001485884101040119,0.001485884101040119,0.001485884101040119,0.001485884101040119,0.001485884101040119,0.001485884101040119
0.986627043090639,0.001485884101040119,0.001485884101040119,0.001485884101040119,0.001485884101040119,0.001485884101040119,0.001485884101040119,0.001485884101040119,0.001485884101040119,0.001485884101040119
0.986627043090639,0.001485884101040119,0.001485884101040119,0.001485884101040119,0.001485884101040119,0.001485884101040119,0.001485884101040119,0.001485884101040119,0.001485884101040119,0.001485884101040119
0.986627043090639,0.001485884101040119,0.001485884101040119,0.001485884101040119,0.001485884101040119,0.001485884101040119,0.001485884101040119,0.001485884101040119,0.001485884101040119,0.001485884101040119
0.986627043090639,0.001485884101040119,0.001485884101040119,0.001485884101040119,0.001485884101040119,0.001485884101040119,0.001485884101040119,0.001485884101040119,0.001485884101040119,0.001485884101040119
0.986627043090639,0.001485884101040119,0.001485884101040119,0.001485884101040119,0.001485884101040119,0.001485884101040119,0.001485884101040119,0.001485884101040119,0.001485884101040119,0.001485884101040119
0.986627043090639,0.001485884101040119,0.001485884101040119,0.001485884101040119,0.001485884101040119,0.001485884101040119,0.001485884101040119,0.001485884101040119,0.001485884101040119,0.001485884101040119
0.986627043090639,0.001485884101040119,0.001485884101040119,0.001485884101040119,0.001485884101040119,0.001485884101040119,0.001485884101040119,0.001485884101040119,0.001485884101040119,0.001485884101040119
0.986627043090639,0.001485884101040119,0.001485884101040119,0.001485884101040119,0.001485884101040119,0.001485884101040119,0.001485884101040119,0.001485884101040119,0.001485884101040119,0.001485884101040119
0.986627043090639,0.001485884101040119,0.001485884101040119,0.001485884101040119,0.001485884101040119,0.001485884101040119,0.001485884101040119,0.001485884101040119,0.001485884101040119,0.001485884101040119
0.986627043090639,0.001485884101040119,0.001485884101040119,0.001485884101040119,0.001485884101040119,0.001485884101040119,0.001485884101040119,0.001485884101040119,0.001485884101040119,0.001485884101040119
0.986627043090639,0.001485884101040119,0.001485884101040119,0.001485884101040119,0.001485884101040119,0.001485884101040119,0.001485884101040119,0.001485884101040119,0.001485884101040119,0.001485884101040119
0.986627043090639,0.001485884101040119,0.001485884101040119,0.001485884101040119,0.001485884101040119,0.001485884101040119,0.001485884101040119,0.001485884101040119,0.001485884101040119,0.001485884101040119
0.986627043090639,0.001485884101040119,0.001485884101040119,0.001485884101040119,0.001485884101040119,0.001485884101040119,0.001485884101040119,0.001485884101040119,0.001485884101040119,0.001485884101040119
0.986627043090639,0.001485884101040119,0.001485884101040119,0.001485884101040119,0.001485884101040119,0.001485884101040119,0.001485884101040119,0.001485884101040119,0.001485884101040119,0.001485884101040119
0.986627043090639,0.001485884101040119,0.001485884101040119,0.001485884101040119,0.001485884101040119,0.001485884101040119,0.001485884101040119,0.001485884101040119,0.001485884101040119,0.001485884101040119
0.986627043090639,0.001485884101040119,0.001485884101040119,0.001485884101040119,0.001485884101040119,0.001485884101040119,0.001485884101040119,0.001485884101040119,0.001485884101040119,0.001485884101040119
0.986627043090639,0.001485884101040119,0.001485884101040119,0.001485884101040119,0.001485884101040119,0.001485884101040119,0.001485884101040119,0.001485884101040119,0.001485884101040119,0.001485884101040119
0.986627043090639,0.001485884101040119,0.001485884101040119,0.001485884101040119,0.001485884101040119,0.001485884101040119,0.001485884101040119,0.001485884101040119,0.001485884101040119,0.001485884101040119
0.986627043090639,0.001485884101040119,0.001485884101040119,0.001485884101040119,0.001485884101040119,0.001485884101040119,0.001485884101040119,0.001485884101040119,0.001485884101040119,0.001485884101040119
0.986627043090639,0.001485884101040119,0.001485884101040119,0.001485884101040119,0.001485884101040119,0.001485884101040119,0.001485884101040119,0.001485884101040119,0.001485884101040119,0.001485884101040119
0.986627043090639,0.001485884101040119,0.001485884101040119,0.001485884101040119,0.001485884101040119,0.001485884101040119,0.001485884101040119,0.001485884101040119,0.001485884101040119,0.001485884101040119
0.986627043090639,0.001485884101040119,0.001485884101040119,0.001485884101040119,0.001485884101040119,0.001485884101040119,0.001485884101040119,0.001485884101040119,0.001485884101040119,0.001485884101040119
0.986627043090639,0.001485884101040119,0.001485884101040119,0.001485884101040119,0.001485884101040119,0.001485884101040119,0.001485884101040119,0.001485884101040119,0.001485884101040119,0.001485884101040119
0.986627043090639,0.001485884101040119,0.001485884101040119,0.001485884101040119,0.001485884101040119,0.001485884101040119,0.001485884101040119,0.001485884101040119,0.001485884101040119,0.001485884101040119
0.986627043090639,0.001485884101040119,0.001485884101040119,0.001485884101040119,0.001485884101040119,0.001485884101040119,0.001485884101040119,0.001485884101040119,0.001485884101040119,0.001485884101040119
0.986627043090639,0.001485884101040119,0.001485884101040119,0.001485884101040119,0.001485884101040119,0.001485884101040119,0.001485884101040119,0.001485884101040119,0.001485884101040119,0.001485884101040119
0.986627043090639,0.001485884101040119,0.001485884101040119,0.001485884101040119,0.001485884101040119,0.001485884101040119,0.001485884101040119,0.001485884101040119,0.001485884101040119,0.001485884101040119
0.986627043090639,0.001485884101040119,0.001485884101040119,0.001485884101040119,0.001485884101040119,0.001485884101040119,0.001485884101040119,0.001485884101040119,0.001485884101040119,0.001485884101040119
0.986627043090639,0.001485884101040119,0.001485884101040119,0.001485884101040119,0.001485884101040119,0.001485884101040119,0.001485884101040119,0.001485884101040119,0.001485884101040119,0.001485884101040119
0.986627043090639,0.001485884101040119,0.001485884101040119,0.001485884101040119,0.001485884101040119,0.001485884101040119,0.001485884101040119,0.001485884101040119,0.001485884101040119,0.001485884101040119
0.9851411589895989,0.002971768202080238,0.001485884101040119,0.001485884101040119,0.001485884101040119,0.001485884101040119,0.001485884101040119,0.001485884101040119,0.001485884101040119,0.001485884101040119
0.350668647845468,0.3952451708766716,0.2436849925705795,0.001485884101040119,0.001485884101040119,0.001485884101040119,0.001485884101040119,0.001485884101040119,0.001485884101040119,0.001485884101040119
0.01188707280832095,0.02526002971768202,0.9227340267459139,0.001485884101040119,0.001485884101040119,0.001485884101040119,0.001485884101040119,0.001485884101040119,0.001485884101040119,0.001485884101040119
0.001485884101040119,0.001485884101040119,0.9836552748885586,0.001485884101040119,0.001485884101040119,0.001485884101040119,0.001485884101040119,0.001485884101040119,0.001485884101040119,0.001485884101040119
